2756537909
2756537926
2756537936
2756537956
2756537973
2756538003
2756538008
2756538012
2756538050
2756538061
2756538062
2756538063
2756538064
2756538085
2756538086
2756538087
2756538088
2756538101
2756538119
2756538120
2756538125
2756538140
2756538150
2756538165
2756538205
2756538220
2756538221
2756538222
2756538238
2756538239
2756538240
2756538277
2756538297
2756538321
2756538327
2756538344
2756538348
2756538353
2756538375
2756538376
2756538395
2756538399
2756538403
2756538450
2756538464
2756538500
2756538514
2756538515
2756538517
2756538518
2756538520
2756538613
2756538619
2756538621
2756538747
2756538761
2756538786
2756538788
2756538797
2756538805
2756538823
2756538828
2756538829
2756538831
2756538872
2756538873
2756538889
2756538931
2756538933
2756538934
2756538961
2756538989
2756539033
2756539035
2756539036
2756539037
2756539038
2756539040
2756539043
2756539069
2756539088
2756539103
2756539104
2756539105
2756539106
2756539107
2756539160
2756539201
2756539237
2756539248
2756539250
2756539263
2756539265
2756539266
2756539288
2756539322
2756539325
2756539328
2756539344
2756539345
2756539350
2756539365
2756539366
2756539367
2756539376
2756539377
2756539378
2756539395
2756539396
2756539400
2756539406
2756539409
2756539410
2756539413
2756539423
2756539429
2756539455
2756539480
2756539500
2756539501
2756539505
2756539509
2756539575
2756539593
2756539595
2756539605
2756539606
2756539607
2756539608
2756539609
2756539643
2756539659
2756539660
2756539663
